"PC1"	"PC2"	"PC3"	"PC4"	"PC5"	"PC6"	"PC7"	"PC8"	"PC9"	"PC10"	"PC11"	"PC12"	"PC13"	"PC14"	"PC15"	"PC16"	"PC17"	"PC18"	"PC19"	"PC20"
"WK16-02"	0.0865176060574868	0.00805394277759681	-0.000784885814022715	0.239729945423164	-0.0848446992615972	0.00117770350990664	-0.0485640051453181	-0.156490449712673	0.0925460285259255	0.0725442280754028	0.0207207585649144	-0.0576147274415208	-0.0634918933071495	0.0284739193291344	0.131905168063864	-0.050484156490389	-0.0901158068217206	-0.302592533415193	-0.13016819570371	-0.0476007156226908
"WK16-16"	0.0744751401201503	-0.0938341491305824	0.136416396351821	-0.0924874192701236	-0.0671105128611402	0.0818166492857215	0.0197799486677211	0.111257814398628	-0.0106943697368211	-0.106641932566709	0.0666239705406758	-0.0448334417062518	-0.0675779796164925	0.122372246918605	0.0186145945135079	0.096979300081074	-0.112293930042203	-0.16958358967633	-0.141483796461693	-0.188305825676159
"WK16-33"	0.0666990888785236	-0.140317459444682	0.168035387479434	0.0891188781486057	-0.172784816229914	-0.103534570315083	0.0720850056946237	0.0539985009587062	-0.130782674872372	0.132139773698139	-0.0140636800472626	0.0939026263331258	0.0829252958983574	-0.110672931801213	-0.0298139877645912	0.129615668154383	0.0211544189039807	-0.213310613438537	-0.0109159736636112	-0.130645847269413
"WK16-66"	0.0895721466572406	-0.0741707657688239	0.13709852202069	0.17969190372844	-0.0340972317109403	0.207844215595697	0.232131759247304	-0.161448120721796	-0.0681702644165133	0.0102310509675419	0.076557059924692	0.0945020607487546	0.0534465917251961	-0.162498300263072	0.153933775880068	-0.18417174305585	0.359904642771279	0.0709512708066239	-0.00722818241056991	-0.227889426532299
"WK16-80"	0.11469482019427	0.00359556812560832	0.320600143246608	-0.406878916753406	-0.0997359276461635	0.138309523628241	-0.139767415012458	0.128508533070398	0.124072267989886	-0.0815284143731902	-0.237398078694883	-0.0738699470607242	-0.00135912156324939	-0.104545229693794	0.117774896873529	-0.202580520433588	-0.0818804695704541	-0.00508306035192322	0.0461997181331395	-0.0016081312181076
"WK16-97"	0.114565315897401	0.207147185817669	-0.00793492191191105	-0.070930543151858	0.0947364256819348	0.126159655901583	-0.0840905361607096	0.166778931453097	0.105618176696993	0.0426165621515229	0.103687243889168	0.0549818393099992	-0.101452665024304	-0.174514422759117	0.00838441605837282	-0.321835431199969	-0.0215829726700271	0.146679213489741	0.0363105236959676	0.000442582489542946
"WP-07"	-0.116753969744947	-0.0150217030850718	0.0383049528296677	0.00276656532809385	-0.0011736259953601	0.0416891029967579	0.0739254617319457	-0.0272332317882883	-0.0357990022559705	-0.130679529325649	-0.170383928509851	0.100037116040366	-0.127354044267778	-0.0931931632885159	-0.113798878319167	0.0372119143574439	-0.0267675385433753	-0.0673505328773637	-0.273845818757234	0.21030842888604
"WP-15"	-0.10619551332145	-0.0013919626988783	-0.041715654921288	-0.0116037533016747	-0.000481993544365067	0.0121675660103069	0.0262752398441894	-0.052542257080848	-0.0261194136168176	-0.00305893453042685	-0.154581141281985	0.196855749578771	-0.0573032103886862	0.0727836678113185	0.107267951969164	0.0676825446165401	-0.107199274458932	0.0469525198408399	0.00123901538721911	0.0283162146765672
"WP-23"	-0.105046571517347	0.0158356459399066	-0.0173405601677925	-0.031737186777724	-0.0324811939024765	0.0152948624621681	-0.0390092686162256	-0.0455169567181441	-0.00663843599807726	0.0687672433860188	0.0742032313712136	-0.0225978525156909	0.00492271190668533	0.0622641829701308	0.0585685609941273	-0.0324132614709406	-0.064075020467697	0.0341493426448451	0.0385703046290194	-0.103763956788014
"WP-40"	-0.110587424726062	-0.0284932277636001	0.000198265775003969	-0.00720878577574905	-0.0196949635115228	0.0289451089551719	-0.0110897491954258	-0.0220557054421675	0.00170756453720683	0.00400028258794106	-0.044435958971924	-0.00694558378783153	0.0297098820532651	0.0354105547880388	0.0808767442415304	0.0184767133735666	0.0632315447999405	0.0614573606858408	-0.0286467526644779	0.116701407537347
"WP-48"	-0.0990910889717365	0.0109171870028557	-0.0235047741078349	-0.0310507122007529	-0.0185860809609369	0.0238240949386968	0.137621154756285	-0.0250017042258964	0.0481864794638597	-0.0398803607662985	-0.11749577069631	0.0269180973841671	-0.108316228851144	-0.052494947518661	0.0477457644869084	0.0904601142766598	0.0117069951939034	-0.131370189541935	0.0371684015794131	0.03374941329372
"WK16-03"	0.0949669872326721	0.120629585759649	0.0170535355212345	0.00652254491730671	-0.394906788673612	-0.0230230524595079	0.0168929730685011	0.0232004951612349	0.0335907073890577	-0.305077539742032	-0.0232318308700109	-0.114893955567204	-0.193965470143708	0.107734081668169	0.0432290658739652	0.0143167584444995	0.180415430454062	0.0573705612209118	-0.0023834266020421	-0.167353198825923
"WK16-17"	0.0543027883061139	-0.140590019178308	0.0415862717458155	0.0586858870457822	0.0685254240969853	0.0565869698580681	0.110281150726919	0.0386003132437434	0.127605173709759	0.109846979504685	-0.0934736701839871	-0.0659601675197091	0.191166715750604	-0.157685221667238	0.148915088884184	-0.0313802190469014	-0.152138705684219	0.0266365269444313	-0.0033170556518068	0.121604819808347
"WK16-34"	0.102705516376312	0.180820219176711	-0.00841391399355275	-0.0470982147678953	-0.0293534418566659	-0.166684956535381	-0.0639502573390881	-0.12102079438758	-0.201177310989894	-0.0293130707977682	-0.0618244897445724	-0.0159147635695656	0.0446262971775976	-0.0717461668202716	-0.0261046756074859	0.178820207611092	-0.052852394645496	0.139781940821809	0.0273293637679525	-0.0220156125006327
"WK16-49"	0.127194752173741	-0.00789873513379755	-0.126037263091775	0.0491812890340306	0.0610240327859524	-0.00526939726394901	-0.0568142483743849	0.0126324246616178	0.00111959476055689	-0.273654890320718	0.136018496253454	0.0984358720696909	-0.0926818851641938	0.217788594183285	-0.0370643072069945	0.0759965587197782	-0.197907533554718	0.0745014603639115	-0.0799779387510891	-0.055409069644688
"WK16-68"	0.0919904757773378	0.0789584906969038	0.160010929141447	0.384451408130579	-0.0569147426550857	0.0455657948992509	-0.162543719377529	-0.00533036868965576	0.102494946261361	0.0325355543830085	0.190577907377963	0.110552327968	-0.139247145493411	-0.134034429906226	-0.0586266247558596	0.0359205650409822	-0.144217634951777	-0.0337688794595817	0.0930042470165828	0.101075614811346
"WK16-85"	0.103121226559093	-0.135264298499094	-0.0843894539614661	-0.0555555962542889	0.0977538452067587	-0.00852815529229146	-0.129178975744415	-0.259470816857008	-0.152062811704806	0.0175397740126526	-0.190019911321413	0.0555236346483355	0.163112150532929	-0.09311175877316	-0.0179785320748875	-0.164069007889144	0.0919535223847857	-0.0825246670344153	-0.0306216962501057	-0.190498980988066
"WK16-98"	0.106907037961761	0.0590852630675403	-0.105911992734983	-0.291918337786964	-0.206453419118643	-0.0571111350389265	-0.00443408563774045	0.0618545850635191	0.0393372444627738	0.0535058166308846	0.0573374272624385	-0.0248461635567491	0.15721464831591	0.00212762296966751	0.0647444546426076	0.152741094848476	0.189867937761224	-0.00510663605941749	-0.078965195634477	0.0748997805229278
"WP-08"	-0.109830550735136	0.0153961287996318	-0.00694167070077997	-0.017970969473052	-0.0409470740317716	0.0252110412310696	0.0464175252270122	0.0469279496965454	0.0509822974365799	-0.0206079888885085	-0.00422133200299494	-0.0231470518528738	-0.099500942571478	0.0015641269553498	0.0125591998445908	0.125243549518342	0.0170747879935072	-0.246952832492588	0.120669044524871	0.094959656418496
"WP-16"	-0.105056735963788	-0.0480955413475457	-0.0363612467732969	-0.00133728268961568	0.000260624495930687	0.00916035389310115	0.159331889157544	-0.0386071833823678	0.00778264686242983	-0.0429122776377465	-0.0884014429451764	0.011768180241395	-0.132897221923886	-0.0316062781266295	0.0803444047160896	0.0406650635667261	-0.0441366608629917	-0.0215030408326475	0.0230986623682012	0.073033338346871
"WP-24"	-0.109715825397181	0.0181326693669344	0.0160790035486471	0.00050326417378214	-0.00543059141181347	0.0163024083075463	0.0276459393302393	0.0208300749566797	-0.0602361268174597	-0.043299587849091	-0.0907353746339645	0.22932366578179	-0.0859145444764494	0.00301733265683585	0.136083329564842	0.0447393437688173	0.0701043255965851	-0.12147787115686	-0.0641135108384865	0.0738778694746847
"WP-41"	-0.103151182629636	-0.00328959590060228	0.00979387058990188	0.0112575687905258	0.0362419208613608	-0.00597919866827635	-0.0105661272472584	0.0353573346932497	-0.048278744703737	-0.0493542233458632	0.0637784955314767	-0.0666687201489602	-0.0344238280869052	-0.0772153865466471	-0.0866539719127825	0.00133669924335579	0.087107879119225	-0.055667617687217	-0.104577699556064	0.0995955974919801
"WP-49"	-0.103485753802106	0.0236222579535046	-0.0204576350119624	-0.0165066682635903	0.00274967889244281	0.0121849009766078	-0.0575685047575466	-0.0318533919998115	-0.0518279422339837	-0.0144209079841696	-0.0378167719028542	0.0653566052423716	0.0379671244323298	0.00215509306099142	0.0247967677972145	-0.111990876999725	-0.0258997105715523	0.0398476649645155	-0.0656058533105803	0.017197045915246
"WK16-04"	0.0870734549850827	-0.129786706830925	-0.0477414646848866	0.0734205981974037	0.113001626764444	-0.0896947827280583	-0.157318063464426	-0.161221828561711	0.240730912854375	0.108592510585268	0.035458988251937	-0.0390921032689795	-0.157921424721299	-0.0704696777941995	0.212222653465958	-0.0284424843236287	-0.0422427107751218	-0.12988785235423	-0.0193448109417773	-0.136800944210881
"WK16-37"	0.0977767988189992	0.00698650531168778	-0.0907849559646126	0.0148788727036826	-0.0248940300858896	-0.017722861228955	-0.0104305654218283	-0.153933703284881	0.179872917056553	0.0921250600511003	0.0704990429250668	0.15487936736475	-0.0434635126829897	0.10719399665347	-0.124995043508889	0.00843708460441304	0.211874715381517	-0.0270805945604052	0.0306844113919866	0.0598864154424475
"WK16-54"	0.100239410860083	-0.171751736055891	0.0669866091892391	0.029588779536827	0.126822694783085	0.170513866293959	0.0407421892848544	-0.0118403314078541	0.0701055837715112	-0.0663815168997539	0.153430341354824	0.0736808368374276	-0.0018305732036235	-0.172685104461375	-0.0900256331461612	-0.101279286468905	-0.0232409501896228	-0.0936496892759766	0.240238749540195	0.300145308677052
"WK16-70"	0.11894465707654	-0.179123884186957	-0.172621535704454	-0.0914599239705912	-0.00355367329215142	-0.32754747464126	-0.183739560545634	-0.0620180850476279	-0.050555705623158	0.207903333966369	-0.0455548589708162	0.0779255128979061	-0.037546761268856	-0.298732629571958	0.0337070833365121	-0.0605680884972127	0.134802242022075	-0.0166901992408463	0.0416036772748229	0.0234399001435135
"WK16-86"	0.0920970139482926	-0.1544791697798	-0.243903021702186	0.0320454599085211	0.163144168264991	0.136596228465246	0.024063959910266	-0.0553281644917421	-0.0221625458940423	-0.196728920725269	0.0671195895380475	0.0860260522831304	0.00958570602950244	-0.0526974899782379	0.0287952874005479	-0.0802240814143223	0.0503499688056547	0.132371704906195	0.0185177971511483	-0.00111142872221373
"WP-01"	-0.0990886411807368	0.0272777987999216	0.0343767843332064	0.0119612508560964	0.0126012307717163	0.0344969286655316	-0.144713619939641	0.0384651475301544	-0.0582315826164119	0.00338333352960526	-0.0209792948705613	0.0634952236052125	0.112467095080704	0.0849954525622585	-0.0151264307356283	-0.0035928879432031	0.0275417993798827	-0.130660797252309	0.0669455797172144	0.00600484940564684
"WP-09"	-0.104802076385025	0.00361683576997032	0.00445691847598504	0.00671142632366442	-0.0302204938892045	-0.0647881902176137	0.0543878527142485	0.0252317694772705	0.00403379251557845	-0.00633907439210353	0.0716268234490968	-0.0941540897708275	-0.0129289019598273	-0.063907927518835	-0.0765497123172878	0.00739227034968479	0.0768985244801803	-0.0724741659213522	0.0421057863327901	-0.0445764835791544
"WP-17"	-0.112716876462515	0.00356464980138812	-0.0305227140079316	0.00692740592888339	-0.00404101655219937	-0.0500263912883793	0.0319563944120146	0.0421633166496257	0.0472112280890099	-0.00477870064059396	0.0772544087765238	-0.166147347075737	-0.0524529657579044	-0.144367062298109	-0.0336088532017195	-0.0310528991390628	0.0727209155058452	0.126455714568783	-0.220351050270324	0.0124199441160799
"WP-34"	-0.112754969681285	-0.0260764702187663	-0.0546745185172889	-0.0293606591344176	-0.00400477106560354	0.0218530008594814	0.147051863881588	-0.0794463718664497	0.00580131995474495	-0.0338785844225232	-0.184273348902481	-0.0586113252174795	-0.163071679713488	-0.0344837348139478	-0.0128779968584956	-0.0520508454658801	-0.15702785333671	0.151130813393241	0.127374414110517	-0.104435732789616
"WP-42"	-0.109817656213113	0.0262685793431859	-0.00663656098348425	-0.0413317074950078	0.00109282991102002	0.0161925460973957	-0.00589339285653054	0.00720222582266665	0.0652296062039665	-0.020989479792402	-0.102748917501272	0.0210297710421733	-0.0919274716649051	-0.0026049656727244	0.020738488814666	-0.00621048067386146	-0.0790463085642996	-0.0214398571273712	0.106300267125687	-0.0908416299769701
"WP-50"	-0.107507743787912	-0.011759064251845	0.0412914776532035	-0.00348548430680886	0.023866860549833	-0.020747703087343	-0.0413036032169362	-0.00599698697312781	-0.0148818959384962	0.0369758400381616	0.0709902184941145	0.0804045484799813	-0.0204636116641224	0.0311872337188121	-0.0130596881561007	0.0244957952629806	0.0379848173298986	0.00693143292791186	-0.0319840509478453	0.0205095447582994
"WK16-06"	0.100555263589936	0.0156598083520623	0.0875192503063683	-0.0506658565203722	-0.0420117369895799	0.0728831982463052	-0.034681429266932	0.123832990141606	0.346119178515998	0.0430783601632424	0.152500993268997	0.0214250041311027	-0.173395430806822	-0.0679132206016369	0.0785089924281284	0.211922605718225	-0.0408021105046404	-0.0555849822116392	0.0659789246039849	-0.173522912727319
"WK16-23"	0.0663302268998492	-0.130935249295926	0.0220669653294442	0.111738983946007	0.084873784752119	0.0222638977003217	-0.0890896197717855	0.082603279658118	0.130699054835559	-0.0519146738949005	-0.0571796599674851	0.0917005501481917	0.193579985422753	-0.0296707741455524	-0.0798682948489307	0.240638033280493	-0.012951783896607	0.115706240245917	-0.0591525710008771	-0.139067064408148
"WK16-38"	0.0893271323519808	-0.0168056357168358	0.195880503868402	0.0109496897829409	0.180834661090291	-0.0264365953591111	0.142501346551787	-0.265365207806675	-0.119271838631565	0.0818487191719585	-0.00283014021649124	-0.165839048636448	0.010115508769668	0.0635325966453219	0.274118248492161	0.269348180213117	0.114354892476794	0.193187839262843	0.226703384820076	0.106655509868353
"WK16-55"	0.108611698272876	0.285653449376757	-0.00197590583483234	-0.0941022075459334	0.0329992085524755	-0.161756349372497	0.254359401240053	-0.0103075621541647	0.0749825153390831	0.156130096161697	0.00916817178842114	0.203080471205965	0.042311474042265	-0.0807944194877484	-0.101819744090934	-0.18346490117152	-0.138227438236905	-0.0559233691301595	-0.0864663200641803	0.00656388005764922
"WK16-72"	0.102154617313979	-0.254046697165764	0.14816398292605	-0.243590235300229	0.197883914610912	0.0485800721948083	0.0522939937091952	-0.0590748018944266	-0.249561245151449	-0.127523283567491	0.19830496020078	-0.0350031943387143	-0.0612499685582783	0.102300697557845	0.000915617917968395	-0.115141446047922	-0.153395152288275	-0.0990640518400809	0.0447017461664934	-0.0583410988951275
"WK16-87"	0.10746615185484	0.174402454416339	0.159673478049028	0.21231235952684	-0.298292685341998	0.311223592057217	-0.201419569525581	-0.119389021742774	-0.240917810306675	0.0834345620607429	-0.165582110946623	-0.0936372778758134	0.136903123030287	0.0370185969691203	-0.0725360413499641	-0.0823669065422431	-0.180547822379169	0.110234487057573	-0.0159459506245179	0.249272706381986
"WP-02"	-0.0976399430709568	0.0147470671119379	0.0418337214098855	-0.018449316476404	-0.00255486138905961	-0.00617160436293647	-0.183066181175131	0.00817183312837738	-0.0111186272510115	0.0496828863996049	0.0366817663989134	0.0169830667221466	0.235729854486084	0.119439858891278	-0.00914734872085705	-0.0363166365428278	0.0205539203309369	-0.0220599809853354	0.195069697026631	-0.0710813381621776
"WP-10"	-0.113358502915455	0.0342995515933014	-0.004747238194419	-0.0130336656704023	-0.0257091368095014	0.00595505009287264	0.0215556625012679	-0.0236831361274451	0.00440900535521323	-0.00126039505547286	-0.0270844005271002	0.199492386269447	0.0125539457534761	0.0380385207663951	0.0136066459759814	-0.00133047390851904	-0.0102329967084002	0.0769602415842017	0.0342724663752906	-0.0316429506649631
"WP-18"	-0.110177093255031	-0.00786733848601116	0.0104882080931692	0.00515823899751933	0.0330269893380912	-0.0371637191103957	-0.129767421166171	0.0706277096148838	-0.0394338180807299	0.0686809665003832	0.121826624934216	0.0121663463613908	0.0528817973909227	0.0846119503958786	0.0524442782670107	-0.0732946476637387	0.0248364104074964	0.000963073515788165	0.0245800330239405	-0.0885365214890768
"WP-35"	-0.109832394639644	0.00862570623994926	-0.00132082482208318	0.0143566244757068	-0.00281500833477677	-0.0157517204154026	0.0579384710798135	-0.0230673745643947	-0.0099761210574393	0.0178475278020161	0.0251767414469148	-0.077560141456971	0.0148849650098316	-0.139497327021894	-0.0764234352944218	-0.000413104710605165	0.0322394289670759	-0.0291832126759478	0.0178924687842968	0.0421261184615264
"WP-43"	-0.112789481307074	0.0097663982585368	0.0219266841926822	-0.000171140790792554	-0.00646646202790194	-0.0327524247608822	-0.0982758623872989	0.0398121252326374	-0.0347148697886158	-0.0115626115355369	0.148916063330962	0.0566987667339947	0.0288900485058929	0.0372293190361375	0.0738534383981689	-0.0298463263847776	0.146792897568306	-0.0519888889771053	-0.0850035242729823	0.0277558497193434
"WP-51"	-0.0955756597831788	0.00514205188106938	0.016051928587896	0.00859798362493183	-0.0331465605342077	0.0199344539348286	-0.0874558814734865	-0.00102009585193867	-0.0658229237022706	0.0192890793757282	0.0324250613680476	-0.0249480868164392	0.0223865657764619	-0.0947127815752869	-0.0904800221677731	0.0117333130005548	0.0741651240575001	-0.115058205631619	0.0519772416135217	0.124165761280414
"WK16-11"	0.0918696276702227	0.18754216312911	-0.0979538472006842	0.132950079402184	0.0819409009838052	0.131675578600081	0.112483460110256	0.0328139510282659	0.00523121026720904	-0.0692237584443873	0.0664230520293356	-0.154146944118126	0.140088059844655	0.054827459242985	0.269325655283721	-0.0390867299780862	0.0709675912150862	-0.0980185340010783	-0.0445771366962699	-0.00136275126941719
"WK16-27"	0.120765862928539	0.0444857991825649	0.424341566296434	-0.110997917584875	0.134496789768045	-0.246916237715471	0.033118211872614	0.0128700975024636	-0.195619035313416	-0.17062726088986	0.192541611447829	0.103632266816687	-0.059529164335939	-0.00908440233837196	-0.119964066644781	0.139576259873798	0.0434739071532466	0.128283372743139	-0.0358412620669251	0.149529209629393
"WK16-40"	0.105618389589589	0.131183387257707	0.012028927388141	-0.0272048256897864	-0.0889971276147419	-0.128609544633335	-0.0322311367740287	-0.0993637631478003	0.0684915020968945	-0.0200058081275147	0.0422440175533378	-0.0716145644836813	-0.112010486743695	0.126446298032546	-0.141350468681247	0.0481976375835442	0.23786488066628	0.0100177252175457	0.172372180192296	0.0653159177407442
"WK16-56"	0.0915834358257489	0.0320337293775339	-0.0148741778099	-0.0980078680350247	0.1608188559305	0.238186557352731	-0.023921459129572	-0.213015574177121	0.0828604831648378	0.335030898367824	-0.123603972144698	-0.0675056034055542	-0.203818435362494	0.217320439935113	-0.228557127995788	0.102696653112016	-0.0223324447619976	0.128881957287222	-0.157052610949093	-0.0674798190470532
"WK16-73"	0.0851372689293143	-0.0323341602270305	0.119797197963906	0.146122181599095	-0.101420925631162	-0.120641257009751	0.0654941357780917	0.0109228431635106	-0.0291809673150257	0.107222317884386	-0.0812732066001076	0.0226384400131426	0.0873681617224802	-0.100123863299131	-0.170146214962583	0.0573732124522994	-0.113017847743951	-0.0100817036147043	0.0527455143511777	-0.0426592223257064
"WK16-90"	0.111982788235085	-0.0428542873658342	-0.00960784574408257	0.077414227944231	0.129488789221346	-0.152012540509691	-0.0841102496748272	0.077408251048931	0.012012614218553	-0.185755374585127	-0.164447160632145	0.0431348153563067	-0.112750134228158	0.0635126354704634	-0.100303694849502	-0.264572239386258	0.132118289056499	-0.0100790013343177	0.0235100060253208	-0.00743466896632204
"WP-03"	-0.10392872387309	-0.00682559170039751	-0.0130428995977956	0.00434817689492697	0.0246739691579631	-0.00270603752568854	-0.00815723675404118	0.0419626822810921	-0.0139443327473812	-0.0217178389107685	0.0289207143490795	-0.0537353102506049	0.0305584423620184	0.0171289606532815	-0.0431360143190682	0.0209493625050206	-0.0265032020558108	-0.0601346320933261	0.160015916509231	0.0324918471154809
"WP-11"	-0.110161125076567	0.0263655506392414	0.00467663975025076	0.0154960147035649	0.0673148539942307	-0.0273672870124246	-0.113727526389114	0.0707896233214828	-0.0614475007901379	0.105324562344533	0.174280045476705	0.0326524086159134	0.113001565064456	0.122312645043652	0.0525234782222034	-0.0453765857159607	0.0244454836692019	0.0629306353730997	-0.274973869692184	-0.0147472410480629
"WP-19"	-0.114082683746783	-0.0367807817653759	-0.0382519038006494	-0.00705754577913242	0.00405538491508231	-0.00711883959421971	0.103323595951239	-0.0694533515858604	0.0172741281996608	-0.0150310962006996	-0.0716042719544539	-0.150626456689468	-0.117230852126929	-0.117019973948779	-0.0421389804440494	0.00814739582009555	-0.0178382245727723	0.10354376740302	-0.198284200285578	0.00458983199071313
"WP-36"	-0.10946263955438	-0.0121719617836052	-0.00230112462245844	9.61724205942353e-05	-0.00359407793870621	0.00363313490018424	-0.0737259843909411	-0.0137698921087777	0.0140944370438001	0.0243551602186716	0.0301475859886365	-0.179257495283631	0.106247935695316	0.0785649975186995	-0.0808870500479624	-0.0177525896478787	0.0591955092664593	0.0111551771245407	0.104276063383485	-0.0204016720047749
"WP-44"	-0.103912411323743	-0.0100074143786935	-0.0141302695031432	-0.00335489697766017	0.000881791836315846	-0.00953618054602795	0.0310161752188099	-0.0329138601316906	-0.0127468500340282	-0.0382606540530234	-0.045993845580164	0.11068491943331	-0.092646101071253	-0.135818949800759	-0.0423003313212911	0.00395751405586774	-0.0639878194587407	0.0325206213363979	-0.0939062552217764	0.0558383321912325
"WP-52"	-0.107645844456498	0.011655220440715	0.0178062766807398	-0.00399020593290499	0.00518362008986002	-0.0233202958473334	-0.00452923581162225	-0.0280920995316693	0.0116412776495081	0.00576598444929244	0.096489242527529	-0.0544709666297258	0.00732561955539282	0.013310169197751	0.0317955442226094	0.0274969379499307	0.0273240893190678	-0.0249244749401825	0.0739928739085256	0.0235368535876076
"WK16.12"	0.0858114033909254	0.0508873893731091	-0.135991621209789	-0.0395106909964066	0.0329299986476307	-0.0591547178791445	0.186937659795728	0.0152742826931604	-0.0492743361651256	0.0624826161284876	0.023749922486073	0.0543374323237556	0.207328408111605	0.0224049655907913	0.045092330344444	0.0836044541074647	-0.246704265934557	-0.206747972476276	-0.0939541073750068	0.0164361995614269
"WK16-28"	0.10969575667561	-0.212025600018603	-0.0590668498850469	-0.0578663960931793	-0.0854965271237636	-0.0134214697958315	-0.0994601040315152	0.199129762480895	0.0608187730722785	0.0527683814454014	-0.00355973613855191	-0.0109362661971829	0.0591390315971164	0.0788571017585982	0.109560761826499	-0.0503139769582868	0.0674511424134191	0.138603909659477	-0.117179766352932	0.30504384882116
"WK16-44"	0.0800679095739749	-0.0290192139573246	-0.151600183134075	0.0725705641902464	0.199621896002492	-0.158040905273122	-0.149122764500082	-0.0521595332609098	0.255408162392364	-0.243637541392422	-0.122286493864793	-0.0774923840342133	0.221805846858065	0.0907882908907932	0.061347602933883	0.177177217750594	-0.135954918774799	0.0576551203969331	0.0255488931300248	0.211696094020668
"WK16-58"	0.117875531225067	0.0320946994506226	0.088719516409389	-0.203646952509117	-0.0919530563395737	0.0278060791154583	0.175339919744279	-0.183969463653871	0.357423629416053	0.0925857444625391	0.0108375593730677	0.0349976330000788	0.204380999008677	0.0181631043137083	-0.0691453789711872	0.0595988195238046	0.0678080879921383	0.167348052560431	-0.117973046716805	0.0673669594250218
"WK16-75"	0.0996786862677389	0.0377354831171222	-0.195599151397361	0.0939357383794516	0.0237865526549377	0.0442836060940791	0.131368602550045	0.318879772614203	-0.0530221235523463	0.0357323517918234	0.135127192279087	-0.0175515872656856	-0.0338118010713583	0.00985652456583951	0.0333358938979466	-0.0697011032934169	0.0216030503571675	0.0772952535957962	0.0552757124221733	0.170688612049059
"WK16-92"	0.113163896345571	0.224490638967783	-0.0868210348263871	-0.0243647920613407	0.203085362646959	0.295791661394045	-0.143888102089839	0.256161547330807	0.00590059291122033	0.0347664168045918	-0.155746640006092	0.00393620654614371	-0.0136388234926697	-0.0649077940156887	-0.149716183926525	0.121954793004962	0.190621552251057	-0.0600451964959035	0.0693940823728058	-0.100705735779538
"WP-04"	-0.100551441302666	-0.00254895572745199	-0.0277862619472476	0.00622533430210096	0.000669179450145531	-0.0184084855475043	0.0369226004027358	0.016000318966523	0.0396392668669949	-0.0748317946884099	-0.000106881285736212	-0.137659154370005	0.0472429063684962	-0.081700858927896	-0.102040576887014	-0.0273587962565026	-0.0205232122235929	-0.0301704124001772	-0.00539537470836853	-0.0431146844245904
"WP-12"	-0.108585590969546	-0.0228338010913034	0.0185838035958808	0.0174820217083155	0.00704055636957368	0.00399289105001853	-0.0671174136128079	0.00293136535159584	-0.0314757509085217	0.0459352592295206	0.043278799504864	-0.0798845003816012	0.0749180995084644	0.0225441800338488	0.023505711151057	-0.103155385263349	-0.113945984009752	0.140689617436053	-0.199560437638532	-0.087270549546305
"WP-20"	-0.102237999024038	0.0306802098692125	-0.0178642640590975	-0.0226788271513906	0.0116773650104739	0.0329045638666463	0.0120755369844357	-0.00684837083360756	-0.0118449704267266	-0.00501009610734766	-0.109898110601053	0.23277228898826	-0.0913401078392842	0.0849709252368532	0.0866740096067805	0.068576339499128	0.0802750760117964	-0.0813876982787895	-0.0211211316682168	0.0744419250057537
"WP-37"	-0.111072423843275	0.0481033454645545	0.0339814069625618	-0.0582417902202104	0.00633744335150343	0.0381422575084561	-0.0602472080862282	0.0493327831744988	-0.0122436277141198	0.049986808708078	-0.0122512452372112	0.337906792895207	-0.0766642768534108	0.159690527255827	0.216927478960587	0.00121827122013569	0.0796488076131589	0.0594410327730027	0.00140067281039425	0.0950374883015318
"WP-45"	-0.111130954877285	-0.00699927715417993	-0.00159235045431004	-0.0209357590190017	0.00624550204824373	-0.0299753019730795	-0.0588268234207501	0.0158936237546358	0.0153292235934656	0.0650253202105793	0.0518503097063394	0.00506814092524401	0.0620364159660531	0.0375205842770122	0.0271675635980279	-0.0326284300685526	-0.0980654767264531	0.128119315304627	0.0617904046621288	-0.103073307874832
"WP-53"	-0.103835305652927	0.0291519020455733	0.0178374884688285	0.00709277790782547	-0.0176789201422575	-0.0114921136897394	-0.0391362475319703	-0.0295135382279163	0.0413814836222928	-0.0220296468646009	-0.0124981947271267	0.0542785198937893	0.0723518205885852	0.0016922784698195	-0.0170666308826024	-0.0821981803732567	-0.0274948763062576	-0.0105660570213712	0.150501540572967	-0.0523738984665612
"WK16-13"	0.0804902672306523	-0.2493635979163	0.0200159512060062	0.120722929154614	0.0128058568297064	-0.0227401980811626	0.151341471150978	0.27357943361703	-0.04928449415375	0.243204423843644	-0.164121347443812	-0.212742525901614	-0.123804855808882	0.308639257938166	0.109529847059156	-0.0327484690050604	0.0752141184321354	-0.00589402602685168	0.0182349929710971	0.028867581290963
"WK16-30"	0.0910613107730871	-0.133442164439681	0.0575286777400239	-0.0125519375621431	-0.00127450556531027	0.000118911514524376	0.250967815815492	0.26735629021081	-0.091792548528365	0.209673274489058	-0.0107790551693247	0.0337693710912733	0.00258156805387325	0.0711210733520424	-0.114070469470188	-0.0287246167102684	-0.0496260936297642	0.0574563835175582	0.0814242034475699	-0.0153260978516179
"WK16-46"	0.103996695452732	-0.0448576008743748	-0.0194374404298056	0.156700669605219	-0.271615202718931	-0.172848063433408	-0.081851128186103	0.0757199596469093	-0.0521914242500279	-0.078455133228314	-0.186710408893311	-0.0370946189442206	0.00276044370093509	-0.0349473278786787	0.209813660500548	-0.0162098532499261	0.0259680441591656	0.070929237042865	-0.0154166051005239	0.0289694789889499
"WK16-62"	0.100930926372261	0.199677517138867	-0.257919947946292	-0.183377427537871	-0.0937245970416694	-0.0240558293658357	0.142248036323935	0.00034921348268387	-0.114992707528668	0.0512554323935131	-0.0126962944551419	-0.00468728478275765	0.134888320409813	0.0712660052090276	-0.0913460677672404	-0.018519226463744	-0.0171045146487598	-0.254658290193605	0.0862790189078309	0.0346819324655958
"WK16-77"	0.107221696962774	0.0668494625456795	-0.00266970751468323	0.102021598748632	0.0824934537064752	-0.339656448479609	-0.0679494464850859	0.0155468628426071	-0.039736872970214	0.151110499649178	-0.0987896006216607	-0.0671628450336071	-0.224102134230811	0.173719995162228	-0.131412193541127	-0.162962925902073	-0.0229326576337362	0.01797180871971	-0.0429176315275752	0.0107364883447744
"WK16-94"	0.107741862860279	0.101768230457888	-0.251871605432398	0.158472048997191	-0.0859096191900644	0.0261258241762491	0.124959298757559	-0.0331006969424985	-0.12656884250705	-0.0021504003548684	0.162706458849805	0.101580370444896	-0.044745466310726	-0.0496695021864566	-0.0340435627443997	0.0649423750540495	-0.0650677585183631	0.237080816583163	0.0870557015881688	-0.0926158814197687
"WP-05"	-0.103763777901694	0.00678274899197838	-0.0173349752104474	-0.0106938851044595	-0.0182625322426178	0.0720823238656945	0.0351329425723924	-0.0778292227265194	-0.0110333120787782	-0.00238034362273199	-0.0748391017706431	0.0735212598891961	-0.0146355033644583	0.02653814713482	0.0260491361563318	-0.0278762483580274	0.0311658461167776	0.0793234780681825	0.0552654451401801	0.0152825363670616
"WP-13"	-0.107715239596098	0.0128578415515992	-0.0270846089475998	0.0108966228315854	-0.0216595599125205	-0.0343782196512326	0.0334929531536162	0.0589863620575636	0.0159277584984046	-0.0246065446578228	-0.0338667130441526	-0.0286662628685561	-0.0373117742409682	0.0314560459840792	-0.0897580519911829	-0.0365732047815013	-0.106282473499416	0.134591759054365	0.0855299878804385	-0.0943634543331221
"WP-21"	-0.103706814541004	0.0272134024288712	0.00984670191812441	0.0259873812335718	0.0226518983261329	0.0268608104481121	-0.0295141302282162	0.0447597279414328	0.0133303901723603	0.0339820887079979	-0.0486708557309106	0.0308191081889048	0.0127633032871488	0.0579787013109185	-0.0129146097803164	0.0578914224436768	-0.0908634878604876	-0.0510773631376067	0.0738301350685851	-0.0191729756998999
"WP-38"	-0.0990969531791885	-0.00445757694879505	0.0121571678984003	0.0145411286356343	-0.00234641008822495	0.0158979219239244	0.020481134362134	0.0192193851847183	0.0205321186780065	0.0232095000072559	0.142300214775532	-0.149042771233892	-0.020500019427679	-0.0211993782038849	-0.0724320950804952	0.087618955346598	-0.0176255456125853	-0.0172738223679882	0.00559274759958545	0.00335070994460282
"WP-46"	-0.103928386243097	-0.0158323110771597	-0.0136214129161945	0.0268878215699455	0.0110007258822329	0.0403816875990666	0.108988614343547	-0.0547504227244055	0.0114131794076756	-0.016786481136691	-0.0646347531023637	-0.10170152233901	-0.0572834508761977	-0.088631408274311	-0.027903567646353	0.0232972021463063	-0.0563436712740695	0.0345976320085903	0.177921384787667	0.0187914430614947
"WP-54"	-0.115722294621253	0.0200205431728386	-0.00553000719277669	-0.0186643743427961	-0.0415129742742632	0.0427942536357011	0.0464482218749171	-0.0421925545009048	0.019675932246736	-0.0558174318798802	0.038615876755651	-0.042545675514452	0.0578563094585573	0.0556253068474392	0.0187565781433641	-0.0482752901119253	0.0880592249721191	0.0651646030272523	-0.0321127462341015	-0.018103160821128
"WK16-15"	0.0811211102739866	0.0448938470462374	-0.126817185178461	-0.0203821300594966	0.155334100615332	0.0542300723652488	0.0350080075741404	0.1292681799152	-0.252849058423833	-0.117453980352496	-0.118514731511111	-0.0633692633930879	0.0317103339729758	-0.161006496366425	0.0742470795813653	0.180270359477677	0.0833109133422601	0.0174127150032926	-0.0417212572866919	-0.152901535978622
"WK16-31"	0.0972382837942459	-0.0479920025375179	0.00780123314775236	0.0469404300822172	0.00686453850130484	0.00876031227041119	0.155232885093755	-0.204884274401268	0.0740364293754038	-0.245829819219703	-0.0430772570853503	-0.0657065325092631	0.104374170044603	0.27750562074875	-0.147237477405671	-0.257266270069875	0.0435049391874847	-0.171247536680351	0.0418337989693174	0.0609980733411348
"WK16-47"	0.084545471879464	0.158251964611635	0.0245601115200226	-0.032768253859037	0.243759599711399	0.00449055342806316	-0.185776469460021	0.0301890754854114	-0.0987550139600357	0.00852831620206538	-0.151294824346504	-0.159782045761512	-0.0911636623822114	-0.115454149773009	-0.00250170890118907	0.113465097555583	0.0356322680005782	-0.0802655551468926	0.00186604052511555	-0.0147914907689045
"WK16-63"	0.13282029268255	-0.308718629017915	-0.27754321746774	-0.225514554920917	-0.308868987403132	0.176742513156617	-0.182986907857185	-0.120273519727467	-0.144780027176746	0.00767180011990373	0.174393826415971	-0.00831476905552133	-0.169738421258186	-0.062948997122293	-0.0827818948737897	0.0866847732291833	-0.152377378182406	0.00958622714002451	0.0302653915030656	0.0444766180688834
"WK16-78"	0.121169352113557	0.282515158319626	0.0471028107522615	-0.0812230834770503	0.0610666583747437	-0.0342636626615891	-0.0116274224895642	-0.111122779670611	-0.0850627757479186	0.0117853841778851	0.180587021951853	-0.135528299256347	-0.0844542436601541	-0.0183165395737798	0.306365346120802	-0.0836403106136274	-0.172628004411373	-0.0774225830492003	-0.115690344383505	0.0151449740651525
"WK16-96"	0.0996320245899114	-0.0302494046769521	0.0828668733955486	0.0435113069538943	-0.0659046870967329	-0.103254136820172	0.069812223364323	0.148878897048863	0.13172820776892	-0.204756538814368	-0.108176488307847	0.106128651961	0.148478256955154	-0.0636507500977391	-0.0304047793507686	-0.00599877672606973	-0.112701290407663	0.0884139340714396	0.00145169322461648	-0.211872053925761
"WP-06"	-0.114946767420696	-0.00114882976949264	-0.00887858700896355	0.00971811053400713	-0.0231568386553228	-0.0314012175896299	0.00909606011138519	0.0236350948806019	0.0720592952938428	-0.0487765545301106	0.105054523485722	-0.204874932861211	0.0727444498335511	-0.0940209768617912	-0.148611363546021	-0.0346936613161941	0.0925532265608634	-0.00209539618185898	-0.043227456984223	0.0407257264415766
"WP-14"	-0.106886288993571	-0.030633982829623	0.00378847498920474	-0.00401529168353211	-0.00392860694338579	-0.0699687058840113	0.0536228513811457	0.0133266363852978	-0.00506429878478708	0.016575541646669	0.0876198529750853	-0.0318785598325254	0.0430438348099791	0.0143965440300254	0.000568021674561807	-0.0423935378034592	-0.0377507751067697	0.108757683480012	-0.0161459117483999	-0.0789042747071639
"WP-22"	-0.102012600242061	0.0146339165986221	0.0235671647262691	-0.0238360482075366	0.000975399794139193	-0.0126841946495481	-0.0798173482486545	-0.0123625886778995	6.91593671186178e-05	0.064295887801629	0.0706608307327804	0.0430164010712803	0.0416440095865675	0.0168591683070005	0.0308220630623577	0.0120408049931572	-0.0134733696843715	0.0177136593709187	0.0569895603482348	-0.105298565369896
"WP-39"	-0.105899840644387	-0.000754140948376906	-0.000681942032728078	-0.043577162562355	-0.028766396620116	-0.0660427019230291	-0.0712819040767685	0.00969126597013679	-0.00204940385977345	0.0337137592430636	0.024112764816441	-0.0150597575954511	0.0937924260718047	0.0631731392353929	-0.0386611340484849	-0.035706054700164	-0.0605008638277914	0.00331660256459501	0.148658600837421	-0.126475579024174
"WP-47"	-0.105597225273779	-0.0253296183717937	-0.00373706275370696	0.0188073465298974	0.0208423005311446	-0.01183079613103	0.00659771484193036	-0.00281334696141007	0.0421619885297187	-0.0449947473600574	0.0127265468543594	-0.169688752921208	-0.0115481116472332	-0.101489708417372	-0.0589377040606923	0.000541332905592761	0.0262178442292604	-0.088766201413046	-0.216844052746287	0.0463688587003724
"WK16-20"	0.0913498080414882	-0.101898837401819	0.0914324173560902	0.132899588186599	0.0492958264645102	0.164901370045697	-0.0370113998184354	-0.00224213822043254	-0.0392831301162071	-0.0147615270558457	-0.00179505261365596	0.10299193521423	0.0966540836865517	0.0864156899365158	-0.201734058920952	0.116802606073042	0.0983679153867591	-0.0831772107174569	-0.23756395249675	-0.0996178267569138
